-0.01000 89.831
-0.02000 89.426
-0.03000 89.426
-0.04000 88.874
-0.05000 88.570
-0.06000 88.548
-0.07000 87.962
-0.08000 87.940
-0.09000 87.546
-0.10000 87.231
-0.11000 86.611
-0.12000 86.611
-0.13000 86.127
-0.14000 85.835
-0.15000 85.542
-0.16000 84.968
-0.17000 84.675
-0.18000 84.686
-0.19000 83.966
-0.20000 83.763
-0.21000 83.470
-0.22000 83.020
-0.23000 82.919
-0.24000 82.322
-0.25000 81.951
-0.26000 81.737
-0.27000 81.196
-0.28000 80.881
-0.29000 80.814
-0.30000 80.183
-0.31000 79.868
-0.32000 79.530
-0.33000 79.192
-0.34000 78.934
-0.35000 78.449
-0.36000 78.168
-0.37000 77.797
-0.38000 77.414
-0.39000 77.155
-0.40000 76.603
-0.41000 76.175
-0.42000 76.164
-0.43000 75.635
-0.44000 75.421
-0.45000 74.757
-0.46000 74.509
-0.47000 74.003
-0.48000 73.631
-0.49000 73.158
-0.50000 72.832
-0.51000 72.370
-0.52000 71.942
-0.53000 71.582
-0.54000 71.211
-0.55000 70.704
-0.56000 70.490
-0.57000 69.781
-0.58000 69.398
-0.59000 68.993
-0.60000 68.633
-0.61000 68.160
-0.62000 67.698
-0.63000 67.507
-0.64000 66.854
-0.65000 66.471
-0.66000 66.032
-0.67000 65.638
-0.68000 65.053
-0.69000 64.737
-0.70000 64.479
-0.71000 63.826
-0.72000 63.341
-0.73000 63.015
-0.74000 62.452
-0.75000 61.991
-0.76000 61.619
-0.77000 61.157
-0.78000 60.775
-0.79000 60.291
-0.80000 59.728
-0.81000 59.322
-0.82000 58.793
-0.83000 58.275
-0.84000 57.758
-0.85000 57.307
-0.86000 56.756
-0.87000 56.305
-0.88000 55.956
-0.89000 55.416
-0.90000 54.876
-0.91000 54.268
-0.92000 53.795
-0.93000 53.119
-0.94000 52.714
-0.95000 52.264
-0.96000 51.757
-0.97000 51.194
-0.98000 50.744
-0.99000 50.125
-1.00000 49.438
-1.01000 48.920
-1.02000 48.357
-1.03000 47.851
-1.04000 47.310
-1.05000 46.680
-1.06000 46.128
-1.07000 45.543
-1.08000 44.879
-1.09000 44.282
-1.10000 43.865
-1.11000 43.021
-1.12000 42.526
-1.13000 42.019
-1.14000 41.591
-1.15000 40.950
-1.16000 40.612
-1.17000 40.060
-1.18000 39.925
-1.19000 39.306
-1.20000 39.058
-1.21000 38.417
-1.22000 38.338
-1.23000 37.674
-1.24000 37.482
-1.25000 37.077
-1.26000 36.976
-1.27000 36.401
-1.28000 36.255
-1.29000 35.861
-1.30000 35.794
1.30000 120.250
1.29000 120.171
1.28000 120.171
1.27000 120.171
1.26000 120.171
1.25000 120.036
1.24000 120.025
1.23000 120.025
1.22000 119.935
1.21000 119.935
1.20000 119.912
1.19000 119.721
1.18000 119.754
1.17000 119.608
1.16000 119.608
1.15000 119.507
1.14000 119.405
1.13000 119.394
1.12000 119.180
1.11000 119.180
1.10000 119.068
1.09000 119.011
1.08000 118.831
1.07000 118.775
1.06000 118.617
1.05000 118.550
1.04000 118.415
1.03000 118.403
1.02000 118.088
1.01000 118.088
1.00000 117.829
0.99000 117.829
0.98000 117.638
0.97000 117.480
0.96000 117.469
0.95000 117.244
0.94000 117.221
0.93000 116.816
0.92000 116.794
0.91000 116.704
0.90000 116.411
0.89000 116.366
0.88000 116.152
0.87000 116.118
0.86000 115.904
0.85000 115.780
0.84000 115.657
0.83000 115.353
0.82000 115.308
0.81000 115.116
0.80000 114.992
0.79000 114.812
0.78000 114.407
0.77000 114.373
0.76000 114.216
0.75000 114.002
0.74000 113.867
0.73000 113.731
0.72000 113.326
0.71000 113.326
0.70000 113.112
0.69000 112.797
0.68000 112.583
0.67000 112.549
0.66000 112.155
0.65000 111.998
0.64000 111.806
0.63000 111.379
0.62000 111.244
0.61000 110.917
0.60000 110.816
0.59000 110.388
0.58000 110.287
0.57000 109.949
0.56000 109.746
0.55000 109.499
0.54000 109.161
0.53000 109.116
0.52000 108.665
0.51000 108.519
0.50000 107.956
0.49000 107.967
0.48000 107.517
0.47000 107.247
0.46000 107.179
0.45000 106.605
0.44000 106.346
0.43000 106.301
0.42000 105.660
0.41000 105.660
0.40000 105.074
0.39000 104.905
0.38000 104.545
0.37000 104.466
0.36000 103.712
0.35000 103.622
0.34000 103.374
0.33000 102.890
0.32000 102.868
0.31000 102.237
0.30000 102.203
0.29000 101.641
0.28000 101.348
0.27000 100.875
0.26000 100.864
0.25000 100.245
0.24000 100.076
0.23000 99.659
0.22000 99.389
0.21000 99.085
0.20000 98.488
0.19000 98.488
0.18000 98.128
0.17000 97.700
0.16000 97.318
0.15000 96.980
0.14000 96.575
0.13000 96.271
0.12000 95.843
0.11000 95.359
0.10000 95.359
0.09000 94.818
0.08000 94.672
0.07000 94.199
0.06000 93.884
0.05000 93.332
0.04000 93.062
0.03000 92.567
0.02000 92.544
0.01000 91.925
-0.00000 91.858
-0.01000 91.160
-0.02000 91.081
-0.03000 90.450
-0.04000 90.270
-0.05000 89.831
-0.06000 89.482
-0.07000 89.111
-0.08000 88.784
-0.09000 88.244
-0.10000 87.906
-0.11000 87.838
-0.12000 87.073
-0.13000 87.028
-0.14000 86.499
-0.15000 86.094
-0.16000 85.722
-0.17000 85.362
-0.18000 84.923
-0.19000 84.653
-0.20000 84.146
-0.21000 83.729
-0.22000 83.335
-0.23000 83.302
-0.24000 82.581
-0.25000 82.288
-0.26000 82.074
-0.27000 81.478
-0.28000 81.129
