-0.01000 89.887
-0.02000 89.730
-0.03000 89.415
-0.04000 89.403
-0.05000 89.156
-0.06000 88.705
-0.07000 88.604
-0.08000 88.221
-0.09000 88.131
-0.10000 87.760
-0.11000 87.467
-0.12000 86.904
-0.13000 86.927
-0.14000 86.499
-0.15000 86.397
-0.16000 85.880
-0.17000 85.700
-0.18000 85.407
-0.19000 85.024
-0.20000 84.900
-0.21000 84.394
-0.22000 84.236
-0.23000 83.966
-0.24000 83.515
-0.25000 83.403
-0.26000 82.772
-0.27000 82.615
-0.28000 82.502
-0.29000 81.861
-0.30000 81.771
-0.31000 81.354
-0.32000 80.994
-0.33000 80.802
-0.34000 80.656
-0.35000 79.936
-0.36000 79.733
-0.37000 79.373
-0.38000 79.102
-0.39000 78.945
-0.40000 78.404
-0.41000 78.044
-0.42000 77.842
-0.43000 77.605
-0.44000 77.144
-0.45000 77.110
-0.46000 76.401
-0.47000 76.097
-0.48000 75.703
-0.49000 75.567
-0.50000 75.083
-0.51000 74.903
-0.52000 74.656
-0.53000 74.070
-0.54000 73.845
-0.55000 73.665
-0.56000 73.102
-0.57000 72.719
-0.58000 72.460
-0.59000 72.370
-0.60000 71.458
-0.61000 71.458
-0.62000 71.109
-0.63000 70.941
-0.64000 70.378
-0.65000 70.107
-0.66000 69.927
-0.67000 69.398
-0.68000 69.252
-0.69000 68.847
-0.70000 68.565
-0.71000 68.194
-0.72000 67.833
-0.73000 67.428
-0.74000 67.192
-0.75000 66.888
-0.76000 66.527
-0.77000 66.178
-0.78000 65.694
-0.79000 65.559
-0.80000 64.996
-0.81000 64.929
-0.82000 64.524
-0.83000 64.096
-0.84000 63.972
-0.85000 63.522
-0.86000 63.161
-0.87000 63.038
-0.88000 62.553
-0.89000 62.171
-0.90000 61.923
-0.91000 61.608
-0.92000 61.326
-0.93000 60.899
-0.94000 60.617
-0.95000 60.324
-0.96000 60.167
-0.97000 59.694
-0.98000 59.401
-0.99000 59.018
-1.00000 58.872
-1.01000 58.501
-1.02000 58.152
-1.03000 58.017
-1.04000 57.600
-1.05000 57.172
-1.06000 57.048
-1.07000 56.654
-1.08000 56.272
-1.09000 56.035
-1.10000 55.787
-1.11000 55.393
-1.12000 55.056
-1.13000 54.662
-1.14000 54.493
-1.15000 54.256
-1.16000 53.851
-1.17000 53.626
-1.18000 53.198
-1.19000 52.838
-1.20000 52.545
-1.21000 52.264
-1.22000 51.982
-1.23000 51.712
-1.24000 51.566
-1.25000 51.138
-1.26000 50.812
-1.27000 50.564
-1.28000 50.429
-1.29000 50.012
-1.30000 49.753
1.30000 119.664
1.29000 119.664
1.28000 119.653
1.27000 119.619
1.26000 119.619
1.25000 119.619
1.24000 119.619
1.23000 119.619
1.22000 119.619
1.21000 119.619
1.20000 119.619
1.19000 119.552
1.18000 119.495
1.17000 119.450
1.16000 119.417
1.15000 119.338
1.14000 119.135
1.13000 119.056
1.12000 119.000
1.11000 118.831
1.10000 118.831
1.09000 118.741
1.08000 118.662
1.07000 118.516
1.06000 118.336
1.05000 118.133
1.04000 117.976
1.03000 117.852
1.02000 117.762
1.01000 117.469
1.00000 117.379
0.99000 117.053
0.98000 117.053
0.97000 116.749
0.96000 116.726
0.95000 116.467
0.94000 116.388
0.93000 116.062
0.92000 116.006
0.91000 115.735
0.90000 115.623
0.89000 115.420
0.88000 115.172
0.87000 115.037
0.86000 114.778
0.85000 114.722
0.84000 114.452
0.83000 114.283
0.82000 114.080
0.81000 113.968
0.80000 113.686
0.79000 113.506
0.78000 113.247
0.77000 113.079
0.76000 112.763
0.75000 112.707
0.74000 112.437
0.73000 112.189
0.72000 111.885
0.71000 111.750
0.70000 111.334
0.69000 111.244
0.68000 111.007
0.67000 110.748
0.66000 110.568
0.65000 110.185
0.64000 110.073
0.63000 109.926
0.62000 109.555
0.61000 109.397
0.60000 109.116
0.59000 109.014
0.58000 108.733
0.57000 108.440
0.56000 108.193
0.55000 108.046
0.54000 107.720
0.53000 107.562
0.52000 107.292
0.51000 107.191
0.50000 106.977
0.49000 106.684
0.48000 106.268
0.47000 106.031
0.46000 105.862
0.45000 105.412
0.44000 105.378
0.43000 104.838
0.42000 104.804
0.41000 104.399
0.40000 104.286
0.39000 103.847
0.38000 103.723
0.37000 103.532
0.36000 103.014
0.35000 102.800
0.34000 102.699
0.33000 102.237
0.32000 102.102
0.31000 101.697
0.30000 101.517
0.29000 101.449
0.28000 100.785
0.27000 100.616
0.26000 100.177
0.25000 100.031
0.24000 99.580
0.23000 99.457
0.22000 98.984
0.21000 98.804
0.20000 98.545
0.19000 98.162
0.18000 98.128
0.17000 97.509
0.16000 97.385
0.15000 96.845
0.14000 96.676
0.13000 96.462
0.12000 95.696
0.11000 95.629
0.10000 95.528
0.09000 95.089
0.08000 94.897
0.07000 94.379
0.06000 94.098
0.05000 93.771
0.04000 93.445
0.03000 93.130
0.02000 92.781
0.01000 92.409
0.00000 92.353
-0.01000 91.925
-0.02000 91.486
-0.03000 91.317
-0.04000 90.788
-0.05000 90.450
-0.06000 90.236
-0.07000 90.023
-0.08000 89.572
-0.09000 89.482
-0.10000 88.919
-0.11000 88.638
-0.12000 88.300
-0.13000 88.052
-0.14000 87.512
-0.15000 87.388
-0.16000 86.972
-0.17000 86.600
-0.18000 86.307
-0.19000 86.150
-0.20000 85.722
-0.21000 85.260
-0.22000 85.170
-0.23000 84.720
-0.24000 84.371
-0.25000 84.337
-0.26000 83.752
-0.27000 83.302
-0.28000 83.279
