0.01000 0.754
0.02000 1.238
0.03000 2.522
0.04000 3.310
0.05000 3.535
0.06000 4.627
0.07000 5.392
0.08000 6.158
0.09000 6.676
0.10000 7.824
0.11000 8.387
0.12000 8.939
0.13000 9.918
0.14000 10.695
0.15000 11.438
0.16000 12.237
0.17000 13.262
0.18000 14.061
0.19000 14.894
0.20000 15.648
0.21000 16.268
0.22000 17.022
0.23000 17.810
0.24000 18.587
0.25000 19.386
0.26000 20.388
0.27000 20.793
0.28000 21.998
0.29000 22.685
0.30000 23.484
0.31000 24.306
0.32000 25.150
0.33000 25.904
0.34000 26.659
0.35000 27.413
0.36000 28.201
0.37000 29.011
0.38000 30.070
0.39000 30.666
0.40000 31.646
0.41000 32.468
0.42000 33.166
0.43000 33.886
0.44000 34.640
0.45000 35.372
0.46000 36.048
0.47000 36.678
0.48000 37.466
0.49000 38.445
0.50000 39.042
0.51000 39.650
0.52000 40.348
0.53000 40.731
0.54000 41.463
0.55000 42.149
0.56000 42.780
0.57000 43.331
0.58000 43.996
0.59000 44.581
0.60000 45.020
0.61000 45.605
0.62000 46.022
0.63000 46.697
0.64000 47.317
0.65000 47.868
0.66000 48.409
0.67000 48.972
0.68000 49.501
0.69000 49.940
0.70000 50.503
0.71000 50.975
0.72000 51.358
0.73000 51.876
0.74000 52.349
0.75000 52.720
0.76000 53.126
0.77000 53.587
0.78000 53.880
0.79000 54.274
0.80000 54.747
0.81000 55.163
0.82000 55.512
0.83000 55.873
0.84000 56.019
0.85000 56.469
0.86000 56.526
0.87000 57.010
0.88000 57.314
0.89000 57.437
0.90000 57.775
0.91000 57.933
0.92000 58.124
0.93000 58.394
0.94000 58.484
0.95000 58.755
-0.40000 -14.511
-0.39000 -14.489
-0.38000 -14.286
-0.37000 -14.297
-0.36000 -14.027
-0.35000 -14.016
-0.34000 -13.667
-0.33000 -13.690
-0.32000 -13.341
-0.31000 -13.341
-0.30000 -12.778
-0.29000 -12.744
-0.28000 -12.350
-0.27000 -12.294
-0.26000 -11.607
-0.25000 -11.179
-0.24000 -11.123
-0.23000 -10.301
-0.22000 -10.256
-0.21000 -9.412
-0.20000 -9.040
-0.19000 -8.770
-0.18000 -8.196
-0.17000 -7.622
-0.16000 -7.014
-0.15000 -6.361
-0.14000 -5.832
-0.13000 -5.471
-0.12000 -4.514
-0.11000 -4.222
-0.10000 -3.501
-0.09000 -2.859
-0.08000 -2.308
-0.07000 -1.587
-0.06000 -0.867
-0.05000 -0.248
-0.04000 0.360
-0.03000 1.418
-0.02000 1.475
-0.01000 2.634
-0.00000 3.163
0.01000 3.783
0.02000 4.391
0.03000 5.021
0.04000 6.079
0.05000 6.755
0.06000 7.588
0.07000 8.320
0.08000 9.063
0.09000 9.693
0.10000 10.526
0.11000 11.258
0.12000 12.035
0.13000 12.744
0.14000 13.532
0.15000 14.252
0.16000 15.153
0.17000 15.930
0.18000 16.594
0.19000 17.326
0.20000 17.945
0.21000 18.722
0.22000 19.420
0.23000 20.152
0.24000 20.895
0.25000 21.806
0.26000 22.808
0.27000 23.360
0.28000 24.283
