0.94000 58.777
0.93000 58.743
0.92000 58.743
0.91000 58.743
0.90000 58.665
0.89000 58.665
0.88000 58.631
0.87000 58.597
0.86000 58.507
0.85000 58.496
0.84000 58.383
0.83000 58.372
0.82000 58.304
0.81000 58.180
0.80000 58.124
0.79000 57.955
0.78000 57.854
0.77000 57.741
0.76000 57.651
0.75000 57.505
0.74000 57.370
0.73000 57.201
0.72000 56.908
0.71000 56.897
0.70000 56.537
0.69000 56.368
0.68000 55.929
0.67000 55.884
0.66000 55.467
0.65000 55.265
0.64000 54.859
0.63000 54.589
0.62000 54.330
0.61000 53.959
0.60000 53.711
0.59000 53.385
0.58000 52.923
0.57000 52.608
0.56000 52.214
0.55000 51.932
0.54000 51.403
0.53000 50.953
0.52000 50.604
0.51000 50.244
0.50000 49.771
0.49000 49.208
0.48000 48.848
0.47000 47.936
0.46000 47.699
0.45000 47.058
0.44000 46.180
0.43000 46.191
0.42000 45.380
0.41000 44.851
0.40000 44.525
0.39000 44.052
0.38000 43.613
0.37000 42.994
0.36000 42.431
0.35000 41.857
0.34000 41.305
0.33000 40.607
0.32000 39.864
0.31000 39.222
0.30000 38.502
0.29000 37.860
0.28000 37.185
0.27000 36.430
0.26000 35.811
0.25000 35.068
0.24000 34.235
0.23000 33.199
0.22000 33.166
0.21000 32.029
0.20000 30.903
0.19000 30.216
0.18000 29.349
0.17000 28.516
0.16000 27.717
0.15000 26.974
0.14000 26.343
0.13000 25.724
0.12000 25.206
0.11000 24.520
0.10000 23.867
0.09000 23.247
0.08000 22.290
0.07000 21.412
0.06000 20.928
0.05000 20.118
0.04000 19.262
0.03000 18.058
0.02000 17.360
0.01000 16.583
-0.00000 15.772
-0.01000 15.119
-0.02000 13.926
-0.03000 13.295
-0.04000 12.316
-0.05000 10.841
-0.06000 10.211
-0.07000 9.231
-0.08000 8.252
-0.09000 7.745
-0.10000 6.530
-0.11000 6.237
-0.12000 5.336
-0.13000 4.458
-0.14000 3.873
-0.15000 3.051
-0.16000 2.173
-0.17000 1.486
-0.18000 0.338
-0.19000 -0.383
-0.20000 -0.642
-0.21000 -1.452
-0.22000 -1.925
-0.23000 -2.702
-0.24000 -3.479
-0.25000 -4.469
-0.26000 -5.167
-0.27000 -5.967
-0.28000 -6.800
-0.29000 -7.318
-0.30000 -7.903
-0.31000 -8.275
-0.32000 -8.860
-0.33000 -9.535
-0.34000 -10.042
-0.35000 -10.549
-0.36000 -11.258
-0.37000 -11.967
-0.38000 -12.271
-0.39000 -13.149
-0.40000 -13.836
-0.41000 -14.309
