-0.01000 90.000
-0.02000 90.068
-0.03000 90.191
-0.04000 90.304
-0.05000 90.338
-0.06000 90.450
-0.07000 90.608
-0.08000 90.766
-0.09000 90.968
-0.10000 91.306
-0.11000 91.869
-0.12000 92.499
-0.13000 92.972
-0.14000 93.276
-0.15000 93.681
-0.16000 94.222
-0.17000 94.672
-0.18000 94.942
-0.19000 95.156
-0.20000 95.426
-0.21000 95.674
-0.22000 95.843
-0.23000 96.079
-0.24000 96.316
-0.25000 96.485
-0.26000 96.698
-0.27000 97.002
-0.28000 97.408
-0.29000 97.858
-0.30000 98.241
-0.31000 98.567
-0.32000 98.995
-0.33000 99.457
-0.34000 99.839
-0.35000 100.155
-0.36000 100.492
-0.37000 100.808
-0.38000 101.055
-0.39000 101.337
-0.40000 101.629
-0.41000 101.877
-0.42000 102.113
-0.43000 102.440
-0.44000 102.811
-0.45000 103.104
-0.46000 103.386
-0.47000 103.746
-0.48000 104.230
-0.49000 104.635
-0.50000 105.007
-0.51000 105.378
-0.52000 105.750
-0.53000 106.155
-0.54000 106.526
-0.55000 106.842
-0.56000 107.236
-0.57000 107.652
-0.58000 108.046
-0.59000 108.373
-0.60000 108.767
-0.61000 109.138
-0.62000 109.454
-0.63000 109.825
-0.64000 110.208
-0.65000 110.579
-0.66000 110.928
-0.67000 111.266
-0.68000 111.638
-0.69000 112.009
-0.70000 112.381
-0.71000 112.752
-0.72000 113.146
-0.73000 113.506
-0.74000 113.855
-0.75000 114.227
-0.76000 114.621
-0.77000 115.004
-0.78000 115.409
-0.79000 115.803
-0.80000 116.152
-0.81000 116.456
-0.82000 116.816
-0.83000 117.188
-0.84000 117.537
-0.85000 117.886
-0.86000 118.246
-0.87000 118.617
-0.88000 119.011
-0.89000 119.405
-0.90000 119.766
-0.91000 120.115
-0.92000 120.520
-0.93000 120.982
-0.94000 121.454
-0.95000 121.905
-0.96000 122.321
-0.97000 122.704
-0.98000 123.098
-0.99000 123.526
-1.00000 123.909
-1.01000 124.269
-1.02000 124.697
-1.03000 124.956
-1.04000 125.282
-1.05000 125.586
-1.06000 125.901
-1.07000 126.216
-1.08000 126.543
-1.09000 126.869
-1.10000 127.173
-1.11000 127.444
-1.12000 127.702
-1.13000 127.950
-1.14000 128.187
-1.15000 128.400
-1.16000 128.614
-1.17000 128.828
-1.18000 129.031
-1.19000 129.222
-1.20000 129.402
-1.21000 129.605
-1.22000 129.853
-1.23000 130.145
-1.24000 130.258
-1.25000 130.461
-1.26000 130.675
-1.27000 130.900
-1.28000 131.114
-1.29000 131.327
-1.30000 131.530
-1.31000 131.744
-1.32000 131.947
-1.33000 132.138
-1.34000 132.296
-1.35000 132.453
-1.36000 132.611
-1.37000 132.780
-1.38000 132.915
-1.39000 133.027
-1.40000 133.095
1.39000 59.199
1.38000 59.142
1.37000 59.120
1.36000 59.131
1.35000 59.131
1.34000 59.131
1.33000 59.176
1.32000 59.199
1.31000 59.244
1.30000 59.244
1.29000 59.289
1.28000 59.334
1.27000 59.334
1.26000 59.367
1.25000 59.435
1.24000 59.525
1.23000 59.683
1.22000 59.863
1.21000 59.953
1.20000 60.054
1.19000 60.099
1.18000 60.201
1.17000 60.201
1.16000 60.246
1.15000 60.291
1.14000 60.392
1.13000 60.561
1.12000 60.640
1.11000 60.763
1.10000 60.853
1.09000 61.011
1.08000 61.124
1.07000 61.236
1.06000 61.293
1.05000 61.394
1.04000 61.450
1.03000 61.619
1.02000 61.720
1.01000 61.844
1.00000 61.946
0.99000 62.092
0.98000 62.204
0.97000 62.396
0.96000 62.520
0.95000 62.689
0.94000 62.756
0.93000 62.914
0.92000 63.026
0.91000 63.285
0.90000 63.432
0.89000 63.522
0.88000 63.657
0.87000 63.792
0.86000 64.017
0.85000 64.141
0.84000 64.321
0.83000 64.422
0.82000 64.602
0.81000 64.782
0.80000 65.008
0.79000 65.154
0.78000 65.289
0.77000 65.458
0.76000 65.649
0.75000 65.920
0.74000 66.043
0.73000 66.178
0.72000 66.347
0.71000 66.595
0.70000 66.831
0.69000 66.933
0.68000 67.090
0.67000 67.248
0.66000 67.518
0.65000 67.743
0.64000 68.047
0.63000 68.194
0.62000 68.295
0.61000 68.633
0.60000 68.903
0.59000 69.094
0.58000 69.252
0.57000 69.511
0.56000 69.871
0.55000 70.164
0.54000 70.411
0.53000 70.637
0.52000 70.907
0.51000 71.211
0.50000 71.481
0.49000 71.661
0.48000 71.886
0.47000 72.168
0.46000 72.449
0.45000 72.697
0.44000 72.944
0.43000 73.237
0.42000 73.507
0.41000 73.845
0.40000 74.194
0.39000 74.520
0.38000 74.847
0.37000 75.140
0.36000 75.455
0.35000 75.759
0.34000 76.018
0.33000 76.310
0.32000 76.581
0.31000 76.817
0.30000 77.144
0.29000 77.470
0.28000 77.695
0.27000 77.977
0.26000 78.337
0.25000 78.675
0.24000 78.967
0.23000 79.305
0.22000 79.710
0.21000 80.048
0.20000 80.330
0.19000 80.679
0.18000 81.028
0.17000 81.286
0.16000 81.545
0.15000 81.872
0.14000 82.198
0.13000 82.480
0.12000 82.795
0.11000 83.155
0.10000 83.493
0.09000 83.831
0.08000 84.191
0.07000 84.484
0.06000 84.799
0.05000 85.170
0.04000 85.508
0.03000 85.835
0.02000 86.184
0.01000 86.555
0.00000 86.893
-0.01000 87.253
-0.02000 87.613
-0.03000 87.951
-0.04000 88.233
-0.05000 88.548
-0.06000 88.897
-0.07000 89.234
-0.08000 89.538
-0.09000 89.831
-0.10000 90.203
-0.11000 90.608
-0.12000 90.968
-0.13000 91.306
-0.14000 91.655
-0.15000 91.993
-0.16000 92.375
-0.17000 92.747
-0.18000 93.085
-0.19000 93.422
-0.20000 93.783
-0.21000 94.143
-0.22000 94.492
-0.23000 94.841
-0.24000 95.190
-0.25000 95.606
-0.26000 95.989
-0.27000 96.293
-0.28000 96.608
-0.29000 96.969
-0.30000 97.318
-0.31000 97.655
-0.32000 97.971
-0.33000 98.308
-0.34000 98.669
-0.35000 99.006
-0.36000 99.367
-0.37000 99.704
-0.38000 100.064
-0.39000 100.447
