0.58000 -40.589
0.57000 -40.522
0.56000 -40.441
0.55000 -40.387
0.54000 -40.319
0.53000 -40.279
0.52000 -40.171
0.51000 -39.806
0.50000 -39.738
0.49000 -39.441
0.48000 -39.252
0.47000 -38.928
0.46000 -38.590
0.45000 -38.266
0.44000 -38.090
0.43000 -37.820
0.42000 -37.186
0.41000 -36.956
0.40000 -36.591
0.39000 -36.321
0.38000 -35.740
0.37000 -35.267
0.36000 -34.241
0.35000 -33.430
0.34000 -32.215
0.33000 -31.580
0.32000 -30.027
0.31000 -29.189
0.30000 -28.960
0.29000 -28.176
0.28000 -27.487
0.27000 -27.069
0.26000 -26.272
0.25000 -26.150
0.24000 -25.529
0.23000 -25.245
0.22000 -25.056
0.21000 -24.651
0.20000 -24.516
0.19000 -23.962
0.18000 -23.854
0.17000 -23.097
0.16000 -22.989
0.15000 -21.990
0.14000 -21.152
0.13000 -19.977
0.12000 -18.883
0.11000 -18.167
0.10000 -16.925
0.09000 -15.844
0.08000 -15.020
0.07000 -13.872
0.06000 -13.224
0.05000 -12.832
0.04000 -12.197
0.03000 -11.535
0.02000 -11.143
0.01000 -10.576
0.00000 -10.117
-0.01000 -9.509
-0.02000 -9.090
-0.03000 -8.645
-0.04000 -8.293
-0.05000 -8.077
-0.06000 -7.753
-0.07000 -7.213
-0.08000 -6.835
-0.09000 -5.646
-0.10000 -3.877
-0.11000 -2.999
-0.12000 -1.972
-0.13000 -1.580
-0.14000 -0.770
-0.15000 -0.135
-0.16000 0.675
-0.17000 1.243
-0.18000 1.594
-0.19000 2.593
-0.20000 3.485
-0.21000 4.633
-0.22000 5.795
-0.23000 6.470
-0.24000 7.456
-0.25000 7.861
-0.26000 8.510
-0.27000 9.198
-0.28000 9.604
-0.29000 10.644
-0.30000 11.238
-0.31000 12.629
-0.32000 13.534
-0.33000 14.021
-0.34000 14.899
-0.35000 15.560
-0.36000 16.465
-0.37000 17.722
-0.38000 18.113
-0.39000 18.870
-0.40000 19.545
-0.41000 20.180
-0.42000 20.612
-0.43000 21.720
-0.44000 22.503
-0.45000 23.273
-0.46000 23.692
-0.47000 24.975
-0.48000 25.286
-0.49000 25.583
-0.50000 25.745
-0.51000 26.029
