-0.01000 -0.495
-0.02000 -0.743
-0.03000 -1.756
-0.04000 -2.195
-0.05000 -3.254
-0.06000 -3.816
-0.07000 -4.582
-0.08000 -5.505
-0.09000 -6.113
-0.10000 -6.946
-0.11000 -7.824
-0.12000 -8.139
-0.13000 -8.916
-0.14000 -9.490
-0.15000 -10.323
-0.16000 -10.639
-0.17000 -11.854
-0.18000 -12.541
-0.19000 -13.160
-0.20000 -14.646
-0.21000 -14.804
-0.22000 -15.648
-0.23000 -16.853
-0.24000 -17.427
-0.25000 -17.742
-0.26000 -18.722
-0.27000 -19.915
-0.28000 -20.669
-0.29000 -20.985
-0.30000 -21.581
-0.31000 -22.110
-0.32000 -22.831
-0.33000 -23.889
-0.34000 -24.598
-0.35000 -24.925
-0.36000 -25.679
-0.37000 -26.546
-0.38000 -26.839
-0.39000 -28.009
-0.40000 -28.100
-0.41000 -29.124
-0.42000 -29.383
-0.43000 -30.092
-0.44000 -30.801
-0.45000 -31.218
-0.46000 -32.164
-0.47000 -32.524
-0.48000 -33.233
-0.49000 -34.167
-0.50000 -34.787
-0.51000 -35.518
-0.52000 -36.149
-0.53000 -36.622
-0.54000 -37.342
-0.55000 -37.961
-0.56000 -38.851
-0.57000 -39.098
-0.58000 -40.055
-0.59000 -40.573
-0.60000 -41.091
-0.61000 -41.879
-0.62000 -42.408
-0.63000 -42.780
-0.64000 -43.602
-0.65000 -43.827
-0.66000 -44.603
-0.67000 -44.795
-0.68000 -45.493
-0.69000 -45.887
-0.70000 -46.427
-0.71000 -46.911
-0.72000 -47.564
-0.73000 -47.880
-0.74000 -48.634
-0.75000 -48.949
-0.76000 -49.534
-0.77000 -49.985
-0.78000 -50.525
-0.79000 -50.897
-0.80000 -51.212
-0.81000 -51.707
-0.82000 -52.079
-0.83000 -52.371
-0.84000 -52.777
-0.85000 -53.238
-0.86000 -53.362
-0.87000 -54.173
-0.88000 -54.465
-0.89000 -54.713
-0.90000 -55.118
-0.91000 -55.670
-0.92000 -56.008
-0.93000 -56.717
-0.94000 -56.863
-0.95000 -57.629
0.40000 15.401
0.39000 15.243
0.38000 15.243
0.37000 15.029
0.36000 14.770
0.35000 14.613
0.34000 14.275
0.33000 14.264
0.32000 13.768
0.31000 13.453
0.30000 13.363
0.29000 12.890
0.28000 12.609
0.27000 12.395
0.26000 11.990
0.25000 11.809
0.24000 11.303
0.23000 10.819
0.22000 10.796
0.21000 10.042
0.20000 9.693
0.19000 9.670
0.18000 8.286
0.17000 8.229
0.16000 7.430
0.15000 6.811
0.14000 6.428
0.13000 5.460
0.12000 5.336
0.11000 4.300
0.10000 3.783
0.09000 2.871
0.08000 2.477
0.07000 1.565
0.06000 1.328
0.05000 0.372
0.04000 -0.372
0.03000 -0.991
0.02000 -2.038
0.01000 -2.398
-0.00000 -3.389
-0.01000 -3.681
-0.02000 -4.661
-0.03000 -5.066
-0.04000 -5.832
-0.05000 -6.259
-0.06000 -7.025
-0.07000 -8.016
-0.08000 -8.207
-0.09000 -9.130
-0.10000 -9.547
-0.11000 -10.504
-0.12000 -10.751
-0.13000 -11.460
-0.14000 -12.249
-0.15000 -12.541
-0.16000 -13.543
-0.17000 -13.948
-0.18000 -14.849
-0.19000 -15.558
-0.20000 -16.549
-0.21000 -17.202
-0.22000 -18.013
-0.23000 -18.722
-0.24000 -19.375
-0.25000 -20.534
-0.26000 -20.973
-0.27000 -22.122
-0.28000 -22.639
