-1.29000 35.760
-1.28000 35.737
-1.27000 35.872
-1.26000 35.872
-1.25000 36.007
-1.24000 36.053
-1.23000 36.109
-1.22000 36.582
-1.21000 36.548
-1.20000 36.953
-1.19000 36.942
-1.18000 37.358
-1.17000 37.358
-1.16000 37.572
-1.15000 37.674
-1.14000 38.090
-1.13000 38.146
-1.12000 38.608
-1.11000 38.608
-1.10000 39.115
-1.09000 39.261
-1.08000 39.599
-1.07000 39.801
-1.06000 39.858
-1.05000 40.556
-1.04000 40.770
-1.03000 40.770
-1.02000 41.366
-1.01000 41.636
-1.00000 42.132
-0.99000 42.222
-0.98000 42.830
-0.97000 43.246
-0.96000 43.280
-0.95000 43.764
-0.94000 44.113
-0.93000 44.507
-0.92000 44.834
-0.91000 44.969
-0.90000 45.655
-0.89000 46.117
-0.88000 46.342
-0.87000 46.669
-0.86000 47.096
-0.85000 47.130
-0.84000 47.794
-0.83000 48.414
-0.82000 48.414
-0.81000 48.931
-0.80000 48.931
-0.79000 49.776
-0.78000 49.888
-0.77000 50.575
-0.76000 50.800
-0.75000 51.408
-0.74000 51.768
-0.73000 52.230
-0.72000 52.556
-0.71000 53.041
-0.70000 53.615
-0.69000 53.952
-0.68000 54.425
-0.67000 55.033
-0.66000 55.450
-0.65000 55.911
-0.64000 56.395
-0.63000 57.060
-0.62000 57.431
-0.61000 58.062
-0.60000 58.197
-0.59000 58.962
-0.58000 59.660
-0.57000 60.020
-0.56000 60.718
-0.55000 61.202
-0.54000 61.709
-0.53000 62.182
-0.52000 62.767
-0.51000 63.330
-0.50000 63.882
-0.49000 64.253
-0.48000 64.670
-0.47000 65.357
-0.46000 65.458
-0.45000 66.066
-0.44000 66.471
-0.43000 66.854
-0.42000 67.338
-0.41000 67.664
-0.40000 68.205
-0.39000 68.554
-0.38000 69.083
-0.37000 69.500
-0.36000 69.927
-0.35000 70.411
-0.34000 70.794
-0.33000 71.256
-0.32000 71.661
-0.31000 72.100
-0.30000 72.618
-0.29000 73.034
-0.28000 73.519
-0.27000 73.969
-0.26000 74.464
-0.25000 74.915
-0.24000 75.342
-0.23000 75.567
-0.22000 76.243
-0.21000 76.693
-0.20000 77.155
-0.19000 77.639
-0.18000 77.932
-0.17000 78.449
-0.16000 78.945
-0.15000 79.316
-0.14000 79.722
-0.13000 80.656
-0.12000 80.825
-0.11000 80.926
-0.10000 81.512
-0.09000 81.951
-0.08000 82.333
-0.07000 82.536
-0.06000 83.009
-0.05000 83.144
-0.04000 83.741
-0.03000 84.202
-0.02000 84.551
-0.01000 84.844
0.00000 85.092
0.01000 85.677
0.02000 86.003
0.03000 86.251
0.04000 86.701
0.05000 86.972
0.06000 87.411
0.07000 87.726
0.08000 88.176
0.09000 88.503
0.10000 88.829
0.11000 89.212
0.12000 89.538
0.13000 89.932
0.14000 90.360
0.15000 90.721
0.16000 90.844
0.17000 91.475
0.18000 91.993
0.19000 92.026
0.20000 92.634
0.21000 93.006
0.22000 93.265
0.23000 93.625
0.24000 94.008
0.25000 94.458
0.26000 94.582
0.27000 95.179
0.28000 95.404
0.29000 95.719
0.30000 96.192
0.31000 96.417
0.32000 96.732
0.33000 97.002
0.34000 97.419
0.35000 97.610
0.36000 98.229
0.37000 98.263
0.38000 98.792
0.39000 99.108
0.40000 99.445
0.41000 99.806
0.42000 99.862
0.43000 100.436
0.44000 100.684
0.45000 100.920
0.46000 101.303
0.47000 101.686
0.48000 101.900
0.49000 102.271
0.50000 102.733
0.51000 102.969
0.52000 103.239
0.53000 103.644
0.54000 103.757
0.55000 104.185
0.56000 104.466
0.57000 104.804
0.58000 105.029
0.59000 105.558
0.60000 105.806
0.61000 106.020
0.62000 106.313
0.63000 106.414
0.64000 106.842
0.65000 107.089
0.66000 107.472
0.67000 107.641
0.68000 107.967
0.69000 108.260
0.70000 108.485
0.71000 108.778
0.72000 109.003
0.73000 109.454
0.74000 109.679
0.75000 109.724
0.76000 110.061
0.77000 110.253
0.78000 110.647
0.79000 110.714
0.80000 111.097
0.81000 111.311
0.82000 111.604
0.83000 111.694
0.84000 111.975
0.85000 112.189
0.86000 112.459
0.87000 112.707
0.88000 112.865
0.89000 113.169
0.90000 113.270
0.91000 113.551
0.92000 113.754
0.93000 113.990
0.94000 114.159
0.95000 114.407
0.96000 114.610
0.97000 114.857
0.98000 115.037
0.99000 115.218
1.00000 115.431
1.01000 115.668
1.02000 115.780
1.03000 116.017
1.04000 116.174
1.05000 116.343
1.06000 116.501
1.07000 116.737
1.08000 116.794
1.09000 117.041
1.10000 117.233
1.11000 117.424
1.12000 117.480
1.13000 117.706
1.14000 117.874
1.15000 118.088
1.16000 118.145
1.17000 118.358
1.18000 118.505
1.19000 118.640
1.20000 118.730
1.21000 118.933
1.22000 119.090
1.23000 119.225
1.24000 119.360
1.25000 119.462
1.26000 119.608
1.27000 119.766
1.28000 119.844
1.29000 119.991
1.30000 120.126
1.31000 120.250
