0.98000 -50.337
0.97000 -50.337
0.96000 -50.247
0.95000 -50.247
0.94000 -50.157
0.93000 -50.067
0.92000 -50.067
0.91000 -50.067
0.90000 -50.067
0.89000 -49.797
0.88000 -49.707
0.87000 -49.256
0.86000 -49.076
0.85000 -48.716
0.84000 -48.356
0.83000 -47.185
0.82000 -46.735
0.81000 -46.465
0.80000 -45.925
0.79000 -45.835
0.78000 -45.024
0.77000 -44.484
0.76000 -43.673
0.75000 -43.403
0.74000 -42.773
0.73000 -42.323
0.72000 -41.512
0.71000 -41.242
0.70000 -40.342
0.69000 -39.891
0.68000 -38.901
0.67000 -38.631
0.66000 -38.000
0.65000 -37.640
0.64000 -37.100
0.63000 -36.920
0.62000 -36.380
0.61000 -36.199
0.60000 -35.659
0.59000 -35.389
0.58000 -34.579
0.57000 -34.308
0.56000 -33.228
0.55000 -33.138
0.54000 -32.147
0.53000 -32.147
0.52000 -31.517
0.51000 -31.427
0.50000 -30.616
0.49000 -30.166
0.48000 -29.626
0.47000 -28.906
0.46000 -28.455
0.45000 -27.825
0.44000 -27.285
0.43000 -26.654
0.42000 -26.294
0.41000 -25.214
0.40000 -24.943
0.39000 -24.133
0.38000 -24.043
0.37000 -23.232
0.36000 -22.782
0.35000 -22.242
0.34000 -21.972
0.33000 -21.341
0.32000 -20.981
0.31000 -20.261
0.30000 -19.901
0.29000 -19.270
0.28000 -18.640
0.27000 -18.280
0.26000 -17.649
0.25000 -16.839
0.24000 -16.119
0.23000 -15.218
0.22000 -14.768
0.21000 -14.318
0.20000 -14.138
0.19000 -13.507
0.18000 -13.147
0.17000 -11.976
0.16000 -11.346
0.15000 -10.085
0.14000 -9.545
0.13000 -9.275
0.12000 -8.375
0.11000 -8.014
0.10000 -7.564
0.09000 -6.934
0.08000 -6.393
0.07000 -6.213
0.06000 -5.403
0.05000 -5.043
0.04000 -4.412
0.03000 -4.232
0.02000 -3.692
0.01000 -3.242
-0.00000 -2.611
-0.01000 -2.251
-0.02000 -1.441
-0.03000 -0.991
-0.04000 -0.360
-0.05000 0.000
-0.06000 0.630
-0.07000 1.171
-0.08000 1.801
-0.09000 2.792
-0.10000 3.332
-0.11000 3.782
-0.12000 4.142
-0.13000 4.502
-0.14000 5.043
-0.15000 5.853
-0.16000 6.303
-0.17000 7.114
-0.18000 7.384
-0.19000 8.194
-0.20000 8.465
-0.21000 8.915
-0.22000 9.275
-0.23000 9.905
-0.24000 10.266
-0.25000 10.896
-0.26000 11.166
-0.27000 11.796
-0.28000 12.517
-0.29000 13.147
-0.30000 13.867
-0.31000 14.228
-0.32000 15.038
-0.33000 15.668
-0.34000 16.389
-0.35000 17.109
-0.36000 17.740
-0.37000 18.190
-0.38000 19.270
-0.39000 19.631
-0.40000 20.351
-0.41000 20.801
-0.42000 20.981
-0.43000 21.251
-0.44000 21.702
-0.45000 22.422
-0.46000 23.052
-0.47000 23.863
-0.48000 24.853
-0.49000 25.394
-0.50000 26.024
-0.51000 26.564
-0.52000 27.195
-0.53000 27.915
-0.54000 28.545
-0.55000 29.266
-0.56000 29.716
-0.57000 30.346
-0.58000 31.247
-0.59000 31.877
-0.60000 32.507
-0.61000 33.138
-0.62000 33.678
-0.63000 34.489
-0.64000 35.389
-0.65000 36.019
-0.66000 36.560
-0.67000 37.190
-0.68000 38.000
-0.69000 38.541
-0.70000 38.991
-0.71000 39.351
-0.72000 39.531
-0.73000 40.342
-0.74000 40.972
-0.75000 41.873
-0.76000 42.413
-0.77000 43.043
-0.78000 43.673
-0.79000 44.034
-0.80000 44.844
-0.81000 45.835
-0.82000 46.105
-0.83000 46.825
-0.84000 47.456
-0.85000 48.446
-0.86000 48.986
-0.87000 49.707
-0.88000 50.427
-0.89000 50.787
-0.90000 51.958
-0.91000 52.048
-0.92000 53.129
-0.93000 53.309
-0.94000 54.389
-0.95000 54.479
-0.96000 55.380
-0.97000 55.650
-0.98000 57.271
-0.99000 57.541
-1.00000 58.351
-1.01000 58.622
