-0.94000 -57.618
-0.93000 -57.550
-0.92000 -57.494
-0.91000 -57.437
-0.90000 -57.370
-0.89000 -57.224
-0.88000 -57.156
-0.87000 -57.043
-0.86000 -56.908
-0.85000 -56.649
-0.84000 -56.537
-0.83000 -56.289
-0.82000 -56.154
-0.81000 -55.861
-0.80000 -55.749
-0.79000 -55.422
-0.78000 -55.355
-0.77000 -55.096
-0.76000 -54.803
-0.75000 -54.499
-0.74000 -54.251
-0.73000 -53.891
-0.72000 -53.677
-0.71000 -53.362
-0.70000 -53.103
-0.69000 -52.597
-0.68000 -52.371
-0.67000 -51.842
-0.66000 -51.628
-0.65000 -51.111
-0.64000 -50.975
-0.63000 -50.638
-0.62000 -50.368
-0.61000 -49.940
-0.60000 -49.579
-0.59000 -49.062
-0.58000 -48.814
-0.57000 -48.060
-0.56000 -47.936
-0.55000 -47.137
-0.54000 -47.046
-0.53000 -46.506
-0.52000 -46.258
-0.51000 -45.639
-0.50000 -45.335
-0.49000 -44.817
-0.48000 -44.457
-0.47000 -43.511
-0.46000 -43.331
-0.45000 -42.960
-0.44000 -42.566
-0.43000 -41.812
-0.42000 -41.001
-0.41000 -40.843
-0.40000 -40.179
-0.39000 -39.673
-0.38000 -39.256
-0.37000 -38.558
-0.36000 -38.085
-0.35000 -37.646
-0.34000 -36.610
-0.33000 -36.228
-0.32000 -35.406
-0.31000 -34.753
-0.30000 -34.685
-0.29000 -33.424
-0.28000 -32.648
-0.27000 -31.612
-0.26000 -31.015
-0.25000 -30.993
-0.24000 -30.160
-0.23000 -29.586
-0.22000 -29.394
-0.21000 -28.617
-0.20000 -28.325
-0.19000 -27.492
-0.18000 -26.580
-0.17000 -26.242
-0.16000 -25.139
-0.15000 -24.497
-0.14000 -23.754
-0.13000 -23.371
-0.12000 -22.808
-0.11000 -21.840
-0.10000 -21.120
-0.09000 -20.208
-0.08000 -19.904
-0.07000 -18.924
-0.06000 -17.607
-0.05000 -16.875
-0.04000 -16.324
-0.03000 -15.119
-0.02000 -14.883
-0.01000 -14.129
0.00000 -13.791
0.01000 -13.160
0.02000 -12.541
0.03000 -11.528
0.04000 -10.976
0.05000 -10.312
0.06000 -9.535
0.07000 -8.871
0.08000 -8.016
0.09000 -7.408
0.10000 -6.766
0.11000 -6.124
0.12000 -5.595
0.13000 -4.571
0.14000 -4.019
0.15000 -3.794
0.16000 -2.488
0.17000 -2.060
0.18000 -1.092
0.19000 -0.675
0.20000 0.304
0.21000 0.675
0.22000 1.632
0.23000 2.623
0.24000 3.445
0.25000 3.816
0.26000 4.537
0.27000 4.953
0.28000 5.584
0.29000 6.406
0.30000 7.036
0.31000 7.892
0.32000 8.781
0.33000 9.625
0.34000 9.761
0.35000 11.269
0.36000 11.551
0.37000 12.778
0.38000 13.318
0.39000 13.768
0.40000 14.894
0.41000 15.401
