-0.50000 26.056
-0.49000 26.042
-0.48000 26.015
-0.47000 26.042
-0.46000 26.042
-0.45000 26.001
-0.44000 25.988
-0.43000 25.988
-0.42000 25.934
-0.41000 25.907
-0.40000 25.880
-0.39000 25.839
-0.38000 25.799
-0.37000 25.596
-0.36000 25.610
-0.35000 25.218
-0.34000 25.097
-0.33000 24.529
-0.32000 24.408
-0.31000 24.232
-0.30000 23.219
-0.29000 22.800
-0.28000 21.544
-0.27000 21.017
-0.26000 19.653
-0.25000 18.964
-0.24000 18.275
-0.23000 17.695
-0.22000 17.073
-0.21000 16.303
-0.20000 15.709
-0.19000 15.250
-0.18000 14.412
-0.17000 13.683
-0.16000 13.291
-0.15000 12.710
-0.14000 12.440
-0.13000 11.792
-0.12000 11.089
-0.11000 10.792
-0.10000 10.360
-0.09000 10.063
-0.08000 9.887
-0.07000 9.685
-0.06000 9.171
-0.05000 9.158
-0.04000 8.699
-0.03000 8.402
-0.02000 8.037
-0.01000 7.794
0.00000 7.321
0.01000 6.916
0.02000 6.551
0.03000 5.457
0.04000 3.309
0.05000 0.689
0.06000 -0.189
0.07000 -1.148
0.08000 -1.648
0.09000 -1.905
0.10000 -2.458
0.11000 -2.688
0.12000 -3.377
0.13000 -3.714
0.14000 -5.160
0.15000 -5.903
0.16000 -6.740
0.17000 -7.524
0.18000 -7.753
0.19000 -7.969
0.20000 -8.172
0.21000 -8.604
0.22000 -8.901
0.23000 -9.550
0.24000 -9.739
0.25000 -10.590
0.26000 -11.225
0.27000 -12.373
0.28000 -13.994
0.29000 -15.398
0.30000 -16.303
0.31000 -16.925
0.32000 -17.897
0.33000 -18.991
0.34000 -19.626
0.35000 -20.612
0.36000 -21.301
0.37000 -22.057
0.38000 -23.516
0.39000 -24.205
0.40000 -24.516
0.41000 -24.786
0.42000 -24.907
0.43000 -25.151
0.44000 -25.380
0.45000 -25.448
0.46000 -25.893
0.47000 -26.218
0.48000 -26.798
0.49000 -27.325
0.50000 -27.893
0.51000 -29.243
0.52000 -30.297
0.53000 -31.188
0.54000 -33.133
0.55000 -34.525
0.56000 -35.821
0.57000 -36.537
0.58000 -37.550
