-1.00000 29.716
-0.99000 29.671
-0.98000 29.671
-0.97000 29.491
-0.96000 29.491
-0.95000 29.491
-0.94000 29.401
-0.93000 29.401
-0.92000 29.221
-0.91000 29.221
-0.90000 29.041
-0.89000 28.816
-0.88000 28.500
-0.87000 28.275
-0.86000 27.735
-0.85000 27.645
-0.84000 27.195
-0.83000 27.105
-0.82000 26.879
-0.81000 26.654
-0.80000 25.979
-0.79000 25.979
-0.78000 25.574
-0.77000 25.304
-0.76000 25.033
-0.75000 24.898
-0.74000 24.763
-0.73000 24.268
-0.72000 24.088
-0.71000 23.728
-0.70000 23.278
-0.69000 23.187
-0.68000 22.377
-0.67000 21.882
-0.66000 21.702
-0.65000 21.612
-0.64000 21.612
-0.63000 21.071
-0.62000 20.981
-0.61000 20.756
-0.60000 20.261
-0.59000 19.946
-0.58000 19.676
-0.57000 19.360
-0.56000 19.090
-0.55000 18.910
-0.54000 18.460
-0.53000 18.325
-0.52000 18.190
-0.51000 17.695
-0.50000 17.424
-0.49000 16.974
-0.48000 16.704
-0.47000 16.659
-0.46000 15.758
-0.45000 15.713
-0.44000 15.398
-0.43000 14.948
-0.42000 14.678
-0.41000 14.453
-0.40000 14.138
-0.39000 14.048
-0.38000 13.282
-0.37000 13.012
-0.36000 12.922
-0.35000 12.427
-0.34000 12.292
-0.33000 11.391
-0.32000 11.076
-0.31000 10.671
-0.30000 10.491
-0.29000 10.130
-0.28000 9.995
-0.27000 9.635
-0.26000 9.320
-0.25000 9.185
-0.24000 8.915
-0.23000 8.375
-0.22000 8.284
-0.21000 7.654
-0.20000 7.429
-0.19000 7.024
-0.18000 6.709
-0.17000 6.393
-0.16000 6.078
-0.15000 5.763
-0.14000 5.673
-0.13000 5.403
-0.12000 5.178
-0.11000 4.908
-0.10000 4.637
-0.09000 4.232
-0.08000 4.052
-0.07000 3.287
-0.06000 2.927
-0.05000 2.792
-0.04000 2.251
-0.03000 2.161
-0.02000 1.711
-0.01000 1.531
0.00000 1.261
0.01000 0.991
0.02000 0.720
0.03000 0.495
0.04000 0.270
0.05000 0.000
0.06000 -0.315
0.07000 -0.495
0.08000 -0.810
0.09000 -0.946
0.10000 -1.531
0.11000 -1.666
0.12000 -2.071
0.13000 -2.206
0.14000 -2.837
0.15000 -2.972
0.16000 -3.467
0.17000 -3.647
0.18000 -3.827
0.19000 -4.322
0.20000 -4.457
0.21000 -4.998
0.22000 -5.178
0.23000 -5.538
0.24000 -5.898
0.25000 -6.123
0.26000 -6.574
0.27000 -6.664
0.28000 -7.024
0.29000 -7.159
0.30000 -7.789
0.31000 -7.789
0.32000 -8.329
0.33000 -8.420
0.34000 -8.960
0.35000 -9.185
0.36000 -9.500
0.37000 -9.680
0.38000 -10.266
0.39000 -10.311
0.40000 -10.806
0.41000 -10.851
0.42000 -11.256
0.43000 -11.391
0.44000 -11.931
0.45000 -12.157
0.46000 -13.282
0.47000 -13.372
0.48000 -14.003
0.49000 -14.228
0.50000 -14.498
0.51000 -14.813
0.52000 -15.263
0.53000 -15.398
0.54000 -15.804
0.55000 -16.164
0.56000 -16.434
0.57000 -16.974
0.58000 -17.109
0.59000 -17.469
0.60000 -17.649
0.61000 -18.100
0.62000 -18.415
0.63000 -18.685
0.64000 -18.820
0.65000 -19.135
0.66000 -19.405
0.67000 -19.676
0.68000 -20.126
0.69000 -20.216
0.70000 -20.621
0.71000 -20.981
0.72000 -21.387
0.73000 -21.747
0.74000 -21.882
0.75000 -22.512
0.76000 -22.602
0.77000 -22.962
0.78000 -23.052
0.79000 -23.458
0.80000 -23.728
0.81000 -24.403
0.82000 -24.493
0.83000 -24.943
0.84000 -25.033
0.85000 -26.024
0.86000 -26.159
0.87000 -27.060
0.88000 -27.105
0.89000 -27.780
0.90000 -27.870
0.91000 -28.365
0.92000 -28.545
0.93000 -29.176
0.94000 -29.266
0.95000 -29.626
0.96000 -29.896
0.97000 -30.166
0.98000 -30.526
