0.58000 43.683
0.57000 43.683
0.56000 43.655
0.55000 43.669
0.54000 43.642
0.53000 43.507
0.52000 43.318
0.51000 43.169
0.50000 42.832
0.49000 42.561
0.48000 42.183
0.47000 42.021
0.46000 41.076
0.45000 40.508
0.44000 40.414
0.43000 39.644
0.42000 39.050
0.41000 38.199
0.40000 37.793
0.39000 37.186
0.38000 35.997
0.37000 34.565
0.36000 33.957
0.35000 32.890
0.34000 32.471
0.33000 32.093
0.32000 31.445
0.31000 31.134
0.30000 30.648
0.29000 30.094
0.28000 29.257
0.27000 28.838
0.26000 28.095
0.25000 26.677
0.24000 26.434
0.23000 25.515
0.22000 25.083
0.21000 24.070
0.20000 23.921
0.19000 22.517
0.18000 21.895
0.17000 21.585
0.16000 20.882
0.15000 19.991
0.14000 19.910
0.13000 15.925
0.12000 15.709
0.11000 14.372
0.10000 13.750
0.09000 13.116
0.08000 12.278
0.07000 12.211
0.06000 11.143
0.05000 11.062
0.04000 9.887
0.03000 9.766
0.02000 8.523
0.01000 8.320
0.00000 7.713
-0.01000 7.429
-0.02000 6.767
-0.03000 5.997
-0.04000 5.106
-0.05000 4.309
-0.06000 4.025
-0.07000 0.716
-0.08000 0.554
-0.09000 -0.108
-0.10000 -0.932
-0.11000 -1.742
-0.12000 -2.472
-0.13000 -3.228
-0.14000 -3.660
-0.15000 -4.336
-0.16000 -4.674
-0.17000 -5.606
-0.18000 -6.889
-0.19000 -7.051
-0.20000 -8.091
-0.21000 -8.212
-0.22000 -9.266
-0.23000 -9.536
-0.24000 -10.792
-0.25000 -11.198
-0.26000 -11.738
-0.27000 -13.035
-0.28000 -14.021
-0.29000 -14.588
-0.30000 -15.277
-0.31000 -15.533
-0.32000 -16.546
-0.33000 -17.492
-0.34000 -18.451
-0.35000 -18.654
-0.36000 -19.842
-0.37000 -20.004
-0.38000 -21.314
-0.39000 -21.544
-0.40000 -22.436
-0.41000 -23.260
-0.42000 -23.962
-0.43000 -24.151
-0.44000 -25.110
-0.45000 -25.151
-0.46000 -26.245
-0.47000 -26.353
-0.48000 -27.352
-0.49000 -27.933
-0.50000 -28.014
-0.51000 -29.041
