0.98000 22.737
0.97000 22.692
0.96000 22.647
0.95000 22.602
0.94000 22.557
0.93000 22.512
0.92000 22.467
0.91000 22.422
0.90000 22.377
0.89000 22.287
0.88000 22.017
0.87000 21.882
0.86000 21.747
0.85000 21.522
0.84000 21.387
0.83000 21.116
0.82000 20.936
0.81000 20.486
0.80000 20.216
0.79000 19.946
0.78000 19.766
0.77000 19.541
0.76000 19.405
0.75000 19.180
0.74000 19.135
0.73000 18.910
0.72000 18.685
0.71000 18.550
0.70000 18.415
0.69000 18.190
0.68000 18.100
0.67000 17.920
0.66000 17.785
0.65000 17.649
0.64000 17.514
0.63000 17.379
0.62000 17.289
0.61000 16.839
0.60000 16.389
0.59000 16.119
0.58000 15.623
0.57000 15.443
0.56000 15.083
0.55000 14.948
0.54000 14.633
0.53000 14.498
0.52000 14.273
0.51000 14.138
0.50000 13.822
0.49000 13.507
0.48000 13.057
0.47000 12.967
0.46000 12.607
0.45000 12.562
0.44000 12.112
0.43000 11.751
0.42000 11.391
0.41000 11.166
0.40000 10.986
0.39000 10.851
0.38000 10.626
0.37000 10.491
0.36000 10.220
0.35000 10.085
0.34000 9.905
0.33000 9.590
0.32000 9.455
0.31000 9.140
0.30000 9.005
0.29000 8.690
0.28000 8.645
0.27000 8.329
0.26000 8.194
0.25000 7.699
0.24000 7.294
0.23000 6.889
0.22000 6.709
0.21000 6.393
0.20000 6.303
0.19000 5.988
0.18000 5.898
0.17000 5.583
0.16000 5.268
0.15000 4.412
0.14000 4.322
0.13000 4.097
0.12000 4.007
0.11000 3.737
0.10000 3.512
0.09000 2.972
0.08000 2.792
0.07000 2.386
0.06000 2.161
0.05000 1.891
0.04000 1.756
0.03000 1.531
0.02000 1.396
0.01000 1.216
-0.00000 1.036
-0.01000 0.900
-0.02000 0.450
-0.03000 0.315
-0.04000 0.090
-0.05000 0.090
-0.06000 -0.225
-0.07000 -0.270
-0.08000 -0.450
-0.09000 -0.630
-0.10000 -0.720
-0.11000 -1.216
-0.12000 -1.621
-0.13000 -1.846
-0.14000 -1.981
-0.15000 -2.161
-0.16000 -2.296
-0.17000 -2.656
-0.18000 -2.927
-0.19000 -3.467
-0.20000 -3.557
-0.21000 -3.872
-0.22000 -4.007
-0.23000 -4.232
-0.24000 -4.412
-0.25000 -4.592
-0.26000 -5.448
-0.27000 -5.808
-0.28000 -5.988
-0.29000 -6.078
-0.30000 -6.348
-0.31000 -6.438
-0.32000 -6.529
-0.33000 -6.709
-0.34000 -7.024
-0.35000 -7.249
-0.36000 -7.429
-0.37000 -7.564
-0.38000 -7.654
-0.39000 -7.879
-0.40000 -8.014
-0.41000 -8.239
-0.42000 -8.284
-0.43000 -8.960
-0.44000 -9.680
-0.45000 -10.085
-0.46000 -10.220
-0.47000 -10.626
-0.48000 -10.626
-0.49000 -10.941
-0.50000 -11.031
-0.51000 -11.481
-0.52000 -11.526
-0.53000 -11.796
-0.54000 -11.886
-0.55000 -12.066
-0.56000 -12.112
-0.57000 -12.517
-0.58000 -12.652
-0.59000 -13.687
-0.60000 -13.912
-0.61000 -14.228
-0.62000 -14.273
-0.63000 -14.588
-0.64000 -14.633
-0.65000 -15.083
-0.66000 -15.263
-0.67000 -15.533
-0.68000 -15.668
-0.69000 -15.984
-0.70000 -16.209
-0.71000 -16.209
-0.72000 -16.434
-0.73000 -16.479
-0.74000 -16.704
-0.75000 -16.794
-0.76000 -16.974
-0.77000 -17.289
-0.78000 -17.965
-0.79000 -18.280
-0.80000 -18.505
-0.81000 -18.505
-0.82000 -18.865
-0.83000 -19.000
-0.84000 -19.225
-0.85000 -19.360
-0.86000 -19.631
-0.87000 -20.126
-0.88000 -20.486
-0.89000 -20.801
-0.90000 -20.846
-0.91000 -21.387
-0.92000 -21.477
-0.93000 -21.882
-0.94000 -22.107
-0.95000 -23.323
-0.96000 -23.413
-0.97000 -23.818
-0.98000 -23.863
-0.99000 -24.493
-1.00000 -24.583
-1.01000 -25.033
