-1.29000 49.810
-1.28000 49.911
-1.27000 49.911
-1.26000 49.945
-1.25000 49.945
-1.24000 50.226
-1.23000 50.226
-1.22000 50.361
-1.21000 50.406
-1.20000 50.778
-1.19000 50.778
-1.18000 51.070
-1.17000 51.104
-1.16000 51.521
-1.15000 51.521
-1.14000 51.836
-1.13000 52.140
-1.12000 52.207
-1.11000 52.647
-1.10000 52.815
-1.09000 52.917
-1.08000 53.390
-1.07000 53.615
-1.06000 53.648
-1.05000 54.166
-1.04000 54.448
-1.03000 54.684
-1.02000 54.774
-1.01000 55.270
-1.00000 55.337
-0.99000 55.866
-0.98000 56.024
-0.97000 56.283
-0.96000 56.621
-0.95000 56.778
-0.94000 57.116
-0.93000 57.454
-0.92000 57.634
-0.91000 58.095
-0.90000 58.197
-0.89000 58.850
-0.88000 58.996
-0.87000 59.379
-0.86000 59.615
-0.85000 59.728
-0.84000 60.223
-0.83000 60.324
-0.82000 60.921
-0.81000 61.191
-0.80000 61.405
-0.79000 61.889
-0.78000 62.249
-0.77000 62.587
-0.76000 62.992
-0.75000 63.387
-0.74000 63.432
-0.73000 64.051
-0.72000 64.422
-0.71000 64.580
-0.70000 64.839
-0.69000 65.176
-0.68000 65.548
-0.67000 65.841
-0.66000 66.235
-0.65000 66.572
-0.64000 66.876
-0.63000 67.169
-0.62000 67.541
-0.61000 67.800
-0.60000 68.362
-0.59000 68.666
-0.58000 68.802
-0.57000 69.151
-0.56000 69.612
-0.55000 69.837
-0.54000 70.333
-0.53000 70.648
-0.52000 70.772
-0.51000 71.323
-0.50000 71.616
-0.49000 71.942
-0.48000 72.213
-0.47000 72.708
-0.46000 73.034
-0.45000 73.327
-0.44000 73.564
-0.43000 74.138
-0.42000 74.453
-0.41000 74.757
-0.40000 75.083
-0.39000 75.309
-0.38000 75.759
-0.37000 76.254
-0.36000 76.446
-0.35000 76.828
-0.34000 77.279
-0.33000 77.549
-0.32000 77.785
-0.31000 78.236
-0.30000 78.562
-0.29000 79.125
-0.28000 79.395
-0.27000 79.530
-0.26000 79.958
-0.25000 80.228
-0.24000 80.847
-0.23000 80.870
-0.22000 81.241
-0.21000 81.557
-0.20000 81.838
-0.19000 82.378
-0.18000 82.446
-0.17000 82.840
-0.16000 83.110
-0.15000 83.268
-0.14000 83.718
-0.13000 84.472
-0.12000 84.472
-0.11000 84.754
-0.10000 85.035
-0.09000 85.238
-0.08000 85.812
-0.07000 86.116
-0.06000 86.330
-0.05000 86.735
-0.04000 87.050
-0.03000 87.377
-0.02000 87.681
-0.01000 88.165
0.00000 88.289
0.01000 88.694
0.02000 88.964
0.03000 89.595
0.04000 89.640
0.05000 89.932
0.06000 90.146
0.07000 90.721
0.08000 90.833
0.09000 91.182
0.10000 91.531
0.11000 91.756
0.12000 92.184
0.13000 92.432
0.14000 92.623
0.15000 92.938
0.16000 93.467
0.17000 93.726
0.18000 93.850
0.19000 94.424
0.20000 94.751
0.21000 94.863
0.22000 95.392
0.23000 95.606
0.24000 95.798
0.25000 96.226
0.26000 96.428
0.27000 96.721
0.28000 96.991
0.29000 97.498
0.30000 97.622
0.31000 97.948
0.32000 98.207
0.33000 98.477
0.34000 98.657
0.35000 98.927
0.36000 99.412
0.37000 99.614
0.38000 99.761
0.39000 100.031
0.40000 100.481
0.41000 100.616
0.42000 100.875
0.43000 101.100
0.44000 101.472
0.45000 101.674
0.46000 101.787
0.47000 102.091
0.48000 102.474
0.49000 102.710
0.50000 102.834
0.51000 103.318
0.52000 103.453
0.53000 103.690
0.54000 103.870
0.55000 104.016
0.56000 104.309
0.57000 104.759
0.58000 104.872
0.59000 105.131
0.60000 105.525
0.61000 105.615
0.62000 105.862
0.63000 106.042
0.64000 106.493
0.65000 106.628
0.66000 106.808
0.67000 106.988
0.68000 107.495
0.69000 107.675
0.70000 107.776
0.71000 108.271
0.72000 108.407
0.73000 108.564
0.74000 108.947
0.75000 109.138
0.76000 109.296
0.77000 109.656
0.78000 109.949
0.79000 110.016
0.80000 110.163
0.81000 110.681
0.82000 110.838
0.83000 110.973
0.84000 111.412
0.85000 111.502
0.86000 111.750
0.87000 112.043
0.88000 112.178
0.89000 112.414
0.90000 112.741
0.91000 112.842
0.92000 113.067
0.93000 113.337
0.94000 113.540
0.95000 113.653
0.96000 113.900
0.97000 114.227
0.98000 114.317
0.99000 114.520
1.00000 115.094
1.01000 115.116
1.02000 115.184
1.03000 115.431
1.04000 115.612
1.05000 115.735
1.06000 116.084
1.07000 116.152
1.08000 116.298
1.09000 116.659
1.10000 116.737
1.11000 116.917
1.12000 117.165
1.13000 117.311
1.14000 117.424
1.15000 117.728
1.16000 117.829
1.17000 117.942
1.18000 118.156
1.19000 118.235
1.20000 118.336
1.21000 118.415
1.22000 118.617
1.23000 118.696
1.24000 118.798
1.25000 119.034
1.26000 119.113
1.27000 119.180
1.28000 119.383
1.29000 119.439
1.30000 119.529
1.31000 119.698
