tt1              0.00000  0         0.00000        0.00000       -1.00000
d1               0.00000  0         0.00000        0.00000       -1.00000
a1             100.00000  0       100.00000      100.00000       -1.00000
aa1            -90.00000  0       -90.00000      -90.00000        1.00000
bb1              0.00000  0         0.00000        0.00000       -1.00000

tt2              0.00000  1         0.00000        0.00000        1.00000
d2               0.00000  0         0.00000        0.00000       -1.00000
a2             290.00000  0       290.00000      290.00000       -1.00000
aa2              0.00000  0         0.00000        0.00000        1.00000
bb2              0.00000  0         0.00000        0.00000        1.00000

tt3              0.00000  1         0.00000        0.00000        1.00000
d3               0.00000  0         0.00000        0.00000       -1.00000
a3             -85.00000  0       -85.00000      -85.00000       -1.00000
aa3             90.00000  0        90.00000       90.00000        1.00000
bb3              0.00000  0         0.00000        0.00000       -1.00000

tt4              0.00000  1         0.00000        0.00000        1.00000
d4             300.00000  0       300.00000      300.00000       -1.00000
a4               0.00000  0         0.00000        0.00000       -1.00000
aa4            -90.00000  0       -90.00000      -90.00000        1.00000
bb4              0.00000  0         0.00000        0.00000       -1.00000

tt5              0.00000  1         0.00000        0.00000        1.00000
d5               0.00000  0         0.00000        0.00000       -1.00000
a5               0.00000  0         0.00000        0.00000       -1.00000
aa5             90.00000  0        90.00000       90.00000        1.00000
bb5              0.00000  0         0.00000        0.00000       -1.00000

tt6              0.00000  0         0.00000        0.00000       -1.00000
d6              90.00000  0        90.00000       90.00000       -1.00000
a6               0.00000  0         0.00000        0.00000       -1.00000
aa6              0.00000  0         0.00000        0.00000       -1.00000
bb6              0.00000  0         0.00000        0.00000       -1.00000

