-1.39000 133.162
-1.38000 133.241
-1.37000 133.320
-1.36000 133.354
-1.35000 133.365
-1.34000 133.365
-1.33000 133.388
-1.32000 133.399
-1.31000 133.399
-1.30000 133.410
-1.29000 133.433
-1.28000 133.410
-1.27000 133.365
-1.26000 133.365
-1.25000 133.354
-1.24000 133.230
-1.23000 132.881
-1.22000 132.408
-1.21000 132.059
-1.20000 131.868
-1.19000 131.665
-1.18000 131.474
-1.17000 131.204
-1.16000 131.035
-1.15000 131.035
-1.14000 131.136
-1.13000 131.192
-1.12000 131.114
-1.11000 131.001
-1.10000 130.990
-1.09000 130.956
-1.08000 130.877
-1.07000 130.686
-1.06000 130.393
-1.05000 130.145
-1.04000 129.954
-1.03000 129.718
-1.02000 129.402
-1.01000 129.132
-1.00000 128.952
-0.99000 128.772
-0.98000 128.524
-0.97000 128.310
-0.96000 128.130
-0.95000 127.905
-0.94000 127.657
-0.93000 127.342
-0.92000 127.004
-0.91000 126.667
-0.90000 126.295
-0.89000 125.867
-0.88000 125.473
-0.87000 125.136
-0.86000 124.753
-0.85000 124.359
-0.84000 124.010
-0.83000 123.672
-0.82000 123.346
-0.81000 123.019
-0.80000 122.726
-0.79000 122.456
-0.78000 122.130
-0.77000 121.803
-0.76000 121.488
-0.75000 121.105
-0.74000 120.700
-0.73000 120.340
-0.72000 119.912
-0.71000 119.473
-0.70000 119.045
-0.69000 118.651
-0.68000 118.325
-0.67000 117.976
-0.66000 117.570
-0.65000 117.188
-0.64000 116.794
-0.63000 116.377
-0.62000 116.017
-0.61000 115.702
-0.60000 115.308
-0.59000 114.925
-0.58000 114.632
-0.57000 114.351
-0.56000 114.002
-0.55000 113.641
-0.54000 113.304
-0.53000 112.943
-0.52000 112.561
-0.51000 112.189
-0.50000 111.818
-0.49000 111.401
-0.48000 111.007
-0.47000 110.523
-0.46000 110.118
-0.45000 109.825
-0.44000 109.420
-0.43000 109.048
-0.42000 108.778
-0.41000 108.463
-0.40000 108.091
-0.39000 107.731
-0.38000 107.416
-0.37000 107.078
-0.36000 106.695
-0.35000 106.335
-0.34000 106.031
-0.33000 105.637
-0.32000 105.164
-0.31000 104.782
-0.30000 104.399
-0.29000 103.948
-0.28000 103.554
-0.27000 103.160
-0.26000 102.721
-0.25000 102.316
-0.24000 101.990
-0.23000 101.641
-0.22000 101.247
-0.21000 100.898
-0.20000 100.549
-0.19000 100.166
-0.18000 99.817
-0.17000 99.457
-0.16000 99.051
-0.15000 98.623
-0.14000 98.275
-0.13000 97.959
-0.12000 97.599
-0.11000 97.250
-0.10000 96.969
-0.09000 96.653
-0.08000 96.316
-0.07000 95.989
-0.06000 95.663
-0.05000 95.302
-0.04000 94.987
-0.03000 94.683
-0.02000 94.312
-0.01000 93.918
0.00000 93.569
0.01000 93.231
0.02000 92.871
0.03000 92.522
0.04000 92.184
0.05000 91.858
0.06000 91.565
0.07000 91.227
0.08000 90.889
0.09000 90.574
0.10000 90.270
0.11000 89.899
0.12000 89.516
0.13000 89.201
0.14000 88.874
0.15000 88.536
0.16000 88.165
0.17000 87.816
0.18000 87.501
0.19000 87.163
0.20000 86.792
0.21000 86.454
0.22000 86.139
0.23000 85.778
0.24000 85.418
0.25000 85.114
0.26000 84.765
0.27000 84.517
0.28000 84.191
0.29000 83.864
0.30000 83.594
0.31000 83.279
0.32000 82.964
0.33000 82.671
0.34000 82.390
0.35000 82.074
0.36000 81.725
0.37000 81.410
0.38000 81.140
0.39000 80.825
0.40000 80.498
0.41000 80.217
0.42000 79.913
0.43000 79.632
0.44000 79.361
0.45000 79.046
0.46000 78.776
0.47000 78.562
0.48000 78.314
0.49000 77.988
0.50000 77.650
0.51000 77.301
0.52000 76.941
0.53000 76.614
0.54000 76.310
0.55000 75.950
0.56000 75.624
0.57000 75.354
0.58000 75.128
0.59000 74.813
0.60000 74.554
0.61000 74.318
0.62000 74.025
0.63000 73.732
0.64000 73.462
0.65000 73.170
0.66000 72.899
0.67000 72.652
0.68000 72.415
0.69000 72.168
0.70000 71.931
0.71000 71.638
0.72000 71.380
0.73000 71.177
0.74000 70.963
0.75000 70.715
0.76000 70.445
0.77000 70.231
0.78000 70.040
0.79000 69.747
0.80000 69.590
0.81000 69.331
0.82000 69.094
0.83000 68.858
0.84000 68.610
0.85000 68.362
0.86000 68.104
0.87000 67.833
0.88000 67.619
0.89000 67.473
0.90000 67.248
0.91000 66.978
0.92000 66.775
0.93000 66.640
0.94000 66.449
0.95000 66.190
0.96000 65.953
0.97000 65.762
0.98000 65.593
0.99000 65.402
1.00000 65.165
1.01000 64.951
1.02000 64.771
1.03000 64.591
1.04000 64.411
1.05000 64.231
1.06000 64.006
1.07000 63.848
1.08000 63.668
1.09000 63.522
1.10000 63.364
1.11000 63.195
1.12000 63.026
1.13000 62.869
1.14000 62.711
1.15000 62.531
1.16000 62.373
1.17000 62.216
1.18000 62.081
1.19000 61.934
1.20000 61.788
1.21000 61.653
1.22000 61.506
1.23000 61.326
1.24000 61.169
1.25000 61.034
1.26000 60.899
1.27000 60.763
1.28000 60.651
1.29000 60.538
1.30000 60.414
1.31000 60.291
1.32000 60.156
1.33000 60.020
1.34000 59.885
1.35000 59.784
1.36000 59.683
1.37000 59.615
1.38000 59.548
1.39000 59.435
1.40000 59.334
1.40000 59.255
